p sp 16882 39488
a 1 2 89.54
a 2 1 89.54
a 1 3 152.24
a 3 1 152.24
a 1 4 12.00
a 4 1 12.00
a 5 6 53.45
a 6 5 53.45
a 5 7 37.61
a 7 5 37.61
a 8 9 41.90
a 9 8 41.90
a 8 10 60.26
a 10 8 60.26
a 11 12 17.06
a 12 11 17.06
a 11 13 18.05
a 13 11 18.05
a 14 15 17.02
a 15 14 17.02
a 14 12 19.67
a 12 14 19.67
a 16 17 24.24
a 17 16 24.24
a 16 15 127.89
a 15 16 127.89
a 18 19 20.33
a 19 18 20.33
a 18 20 12.75
a 20 18 12.75
a 21 22 18.25
a 22 21 18.25
a 21 23 15.93
a 23 21 15.93
a 24 25 16.58
a 25 24 16.58
a 24 26 11.63
a 26 24 11.63
a 27 28 7.33
a 28 27 7.33
a 27 29 16.11
a 29 27 16.11
a 27 30 14.81
a 30 27 14.81
a 31 32 81.02
a 32 31 81.02
a 31 33 14.97
a 33 31 14.97
a 31 34 9.93
a 34 31 9.93
a 31 35 19.95
a 35 31 19.95
a 36 37 17.68
a 37 36 17.68
a 36 38 6.18
a 38 36 6.18
a 36 39 16.05
a 39 36 16.05
a 36 40 68.31
a 40 36 68.31
a 41 42 5.07
a 42 41 5.07
a 41 43 7.41
a 43 41 7.41
a 41 44 7.01
a 44 41 7.01
a 41 45 3.71
a 45 41 3.71
a 46 47 18.06
a 47 46 18.06
a 46 48 30.07
a 48 46 30.07
a 46 49 91.85
a 49 46 91.85
a 50 51 53.39
a 51 50 53.39
a 50 52 26.08
a 52 50 26.08
a 53 54 14.33
a 54 53 14.33
a 53 55 14.88
a 55 53 14.88
a 56 57 37.28
a 57 56 37.28
a 56 58 2.44
a 58 56 2.44
a 59 60 57.25
a 60 59 57.25
a 59 61 50.87
a 61 59 50.87
a 59 62 52.24
a 62 59 52.24
a 59 63 41.79
a 63 59 41.79
a 64 65 10.26
a 65 64 10.26
a 64 66 27.70
a 66 64 27.70
a 64 67 17.91
a 67 64 17.91
a 68 69 20.65
a 69 68 20.65
a 68 70 9.76
a 70 68 9.76
a 68 71 20.78
a 71 68 20.78
a 72 73 17.62
a 73 72 17.62
a 72 74 54.59
a 74 72 54.59
a 72 75 6.73
a 75 72 6.73
a 76 77 73.21
a 77 76 73.21
a 76 78 163.64
a 78 76 163.64
a 79 80 59.68
a 80 79 59.68
a 79 81 139.37
a 81 79 139.37
a 82 83 19.82
a 83 82 19.82
a 82 84 17.60
a 84 82 17.60
a 82 85 10.86
a 85 82 10.86
a 86 87 49.02
a 87 86 49.02
a 86 88 40.25
a 88 86 40.25
a 86 89 33.72
a 89 86 33.72
a 86 90 35.94
a 90 86 35.94
a 91 92 29.06
a 92 91 29.06
a 91 93 38.26
a 93 91 38.26
a 91 94 8.47
a 94 91 8.47
a 91 95 41.96
a 95 91 41.96
a 96 97 17.92
a 97 96 17.92
a 96 98 9.95
a 98 96 9.95
a 96 99 9.00
a 99 96 9.00
a 100 101 6.22
a 101 100 6.22
a 100 102 9.26
a 102 100 9.26
a 103 104 5.82
a 104 103 5.82
a 103 105 15.27
a 105 103 15.27
a 103 106 33.20
a 106 103 33.20
a 107 108 40.49
a 108 107 40.49
a 107 109 28.20
a 109 107 28.20
a 107 110 54.99
a 110 107 54.99
a 110 111 30.27
a 111 110 30.27
a 112 113 50.55
a 113 112 50.55
a 112 114 17.28
a 114 112 17.28
a 112 115 11.89
a 115 112 11.89
a 112 116 16.21
a 116 112 16.21
a 112 117 17.07
a 117 112 17.07
a 118 119 18.61
a 119 118 18.61
a 118 120 25.48
a 120 118 25.48
a 118 121 25.56
a 121 118 25.56
a 118 122 11.10
a 122 118 11.10
a 123 124 24.08
a 124 123 24.08
a 123 125 56.31
a 125 123 56.31
a 126 127 125.72
a 127 126 125.72
a 126 128 33.75
a 128 126 33.75
a 126 129 148.99
a 129 126 148.99
a 130 131 4.77
a 131 130 4.77
a 130 132 5.08
a 132 130 5.08
a 133 134 444.59
a 134 133 444.59
a 133 135 47.21
a 135 133 47.21
a 136 137 47.27
a 137 136 47.27
a 136 138 452.93
a 138 136 452.93
a 138 139 33.05
a 139 138 33.05
a 134 140 39.59
a 140 134 39.59
a 141 142 8.97
a 142 141 8.97
a 141 143 6.00
a 143 141 6.00
a 141 144 8.07
a 144 141 8.07
a 141 145 7.56
a 145 141 7.56
a 146 147 8.05
a 147 146 8.05
a 146 148 8.91
a 148 146 8.91
a 146 149 8.63
a 149 146 8.63
a 146 150 7.91
a 150 146 7.91
a 151 152 13.66
a 152 151 13.66
a 151 153 12.81
a 153 151 12.81
a 151 154 14.88
a 154 151 14.88
a 151 155 5.30
a 155 151 5.30
a 156 157 7.34
a 157 156 7.34
a 156 158 4.80
a 158 156 4.80
a 156 159 53.82
a 159 156 53.82
a 156 160 12.40
a 160 156 12.40
a 161 162 47.64
a 162 161 47.64
a 161 163 31.91
a 163 161 31.91
a 161 164 48.23
a 164 161 48.23
a 161 165 173.82
a 165 161 173.82
a 166 167 145.34
a 167 166 145.34
a 166 168 42.80
a 168 166 42.80
a 166 162 49.11
a 162 166 49.11
a 167 169 167.36
a 169 167 167.36
a 167 170 52.06
a 170 167 52.06
a 167 171 47.16
a 171 167 47.16
a 165 172 54.58
a 172 165 54.58
a 165 170 52.43
a 170 165 52.43
a 165 173 76.96
a 173 165 76.96
a 174 175 11.16
a 175 174 11.16
a 174 176 11.18
a 176 174 11.18
a 174 177 9.30
a 177 174 9.30
a 174 178 4.91
a 178 174 4.91
a 179 180 8.42
a 180 179 8.42
a 179 181 5.03
a 181 179 5.03
a 179 182 5.75
a 182 179 5.75
a 179 183 10.34
a 183 179 10.34
a 184 185 10.65
a 185 184 10.65
a 184 186 33.75
a 186 184 33.75
a 184 187 11.27
a 187 184 11.27
a 188 189 24.42
a 189 188 24.42
a 188 190 30.62
a 190 188 30.62
a 191 192 26.61
a 192 191 26.61
a 191 193 7.16
a 193 191 7.16
a 191 194 9.82
a 194 191 9.82
a 195 196 13.55
a 196 195 13.55
a 195 197 19.87
a 197 195 19.87
a 198 199 21.99
a 199 198 21.99
a 198 200 34.27
a 200 198 34.27
a 201 202 15.14
a 202 201 15.14
a 201 203 19.89
a 203 201 19.89
a 204 205 25.14
a 205 204 25.14
a 204 206 30.04
a 206 204 30.04
a 204 207 8.66
a 207 204 8.66
a 208 209 18.61
a 209 208 18.61
a 208 210 17.05
a 210 208 17.05
a 208 211 6.93
a 211 208 6.93
a 208 212 21.86
a 212 208 21.86
a 213 214 68.58
a 214 213 68.58
a 213 215 61.08
a 215 213 61.08
a 214 216 27.84
a 216 214 27.84
a 217 218 33.46
a 218 217 33.46
a 217 219 18.69
a 219 217 18.69
a 220 221 12.18
a 221 220 12.18
a 220 222 12.54
a 222 220 12.54
a 220 223 8.03
a 223 220 8.03
a 220 224 9.49
a 224 220 9.49
a 225 226 44.41
a 226 225 44.41
a 225 227 31.27
a 227 225 31.27
a 228 229 60.96
a 229 228 60.96
a 228 230 59.65
a 230 228 59.65
a 231 232 161.94
a 232 231 161.94
a 231 233 29.81
a 233 231 29.81
a 234 235 9.11
a 235 234 9.11
a 234 236 18.26
a 236 234 18.26
a 237 238 9.69
a 238 237 9.69
a 237 239 5.13
a 239 237 5.13
a 237 240 13.14
a 240 237 13.14
a 237 241 7.87
a 241 237 7.87
a 242 243 17.64
a 243 242 17.64
a 242 244 6.84
a 244 242 6.84
a 242 245 6.00
a 245 242 6.00
a 242 246 29.28
a 246 242 29.28
a 247 55 16.27
a 55 247 16.27
a 247 248 14.34
a 248 247 14.34
a 249 250 13.16
a 250 249 13.16
a 249 251 6.51
a 251 249 6.51
a 249 252 9.42
a 252 249 9.42
a 249 253 10.57
a 253 249 10.57
a 254 255 4.60
a 255 254 4.60
a 254 256 11.04
a 256 254 11.04
a 254 257 4.38
a 257 254 4.38
a 258 259 25.42
a 259 258 25.42
a 258 260 10.70
a 260 258 10.70
a 258 261 12.95
a 261 258 12.95
a 262 263 9.05
a 263 262 9.05
a 262 264 10.52
a 264 262 10.52
a 262 265 7.17
a 265 262 7.17
a 262 266 6.69
a 266 262 6.69
a 267 268 16.27
a 268 267 16.27
a 267 269 15.53
a 269 267 15.53
a 267 270 32.29
a 270 267 32.29
a 267 271 15.10
a 271 267 15.10
a 272 273 9.22
a 273 272 9.22
a 272 274 65.96
a 274 272 65.96
a 272 275 28.78
a 275 272 28.78
a 276 277 8.18
a 277 276 8.18
a 276 278 5.01
a 278 276 5.01
a 276 279 3.60
a 279 276 3.60
a 276 280 4.19
a 280 276 4.19
a 281 282 22.39
a 282 281 22.39
a 281 283 22.53
a 283 281 22.53
a 284 285 48.31
a 285 284 48.31
a 284 286 32.58
a 286 284 32.58
a 287 288 3.11
a 288 287 3.11
a 287 289 6.02
a 289 287 6.02
a 287 290 5.47
a 290 287 5.47
a 287 291 4.90
a 291 287 4.90
a 292 293 26.23
a 293 292 26.23
a 292 294 28.22
a 294 292 28.22
a 292 295 38.92
a 295 292 38.92
a 296 297 131.04
a 297 296 131.04
a 296 298 11.16
a 298 296 11.16
a 299 300 9.98
a 300 299 9.98
a 299 301 6.83
a 301 299 6.83
a 299 302 10.21
a 302 299 10.21
a 303 304 19.29
a 304 303 19.29
a 303 305 3.85
a 305 303 3.85
a 306 307 19.02
a 307 306 19.02
a 306 308 23.51
a 308 306 23.51
a 306 309 12.32
a 309 306 12.32
a 310 311 8.80
a 311 310 8.80
a 310 312 7.75
a 312 310 7.75
a 310 313 5.42
a 313 310 5.42
a 314 315 82.80
a 315 314 82.80
a 314 316 121.48
a 316 314 121.48
a 317 318 8.60
a 318 317 8.60
a 317 319 9.79
a 319 317 9.79
a 317 320 10.86
a 320 317 10.86
a 321 322 11.21
a 322 321 11.21
a 321 323 9.80
a 323 321 9.80
a 321 324 11.53
a 324 321 11.53
a 325 326 5.61
a 326 325 5.61
a 325 327 7.41
a 327 325 7.41
a 325 328 22.81
a 328 325 22.81
a 325 329 9.87
a 329 325 9.87
a 330 331 14.22
a 331 330 14.22
a 330 332 10.33
a 332 330 10.33
a 330 333 8.64
a 333 330 8.64
a 330 334 15.83
a 334 330 15.83
a 335 336 64.86
a 336 335 64.86
a 335 54 129.58
a 54 335 129.58
a 335 337 57.67
a 337 335 57.67
a 338 248 20.00
a 248 338 20.00
a 338 339 58.47
a 339 338 58.47
a 338 340 37.11
a 340 338 37.11
a 341 342 34.56
a 342 341 34.56
a 341 339 2.96
a 339 341 2.96
a 337 343 129.48
a 343 337 129.48
a 344 345 25.42
a 345 344 25.42
a 344 346 18.85
a 346 344 18.85
a 347 348 46.57
a 348 347 46.57
a 347 349 294.35
a 349 347 294.35
a 347 350 47.57
a 350 347 47.57
a 349 351 34.95
a 351 349 34.95
a 349 352 207.18
a 352 349 207.18
a 349 353 75.41
a 353 349 75.41
a 354 355 11.59
a 355 354 11.59
a 354 356 14.48
a 356 354 14.48
a 354 357 44.01
a 357 354 44.01
a 358 359 18.88
a 359 358 18.88
a 358 360 46.77
a 360 358 46.77
a 361 362 52.46
a 362 361 52.46
a 361 363 25.31
a 363 361 25.31
a 364 365 7.07
a 365 364 7.07
a 364 366 9.39
a 366 364 9.39
a 367 368 46.46
a 368 367 46.46
a 367 369 29.41
a 369 367 29.41
a 367 370 22.99
a 370 367 22.99
a 371 372 6.76
a 372 371 6.76
a 371 373 7.05
a 373 371 7.05
a 374 375 31.50
a 375 374 31.50
a 374 376 26.03
a 376 374 26.03
a 377 378 13.26
a 378 377 13.26
a 377 379 17.85
a 379 377 17.85
a 377 380 78.96
a 380 377 78.96
a 377 381 19.72
a 381 377 19.72
a 382 383 60.65
a 383 382 60.65
a 382 384 98.22
a 384 382 98.22
a 382 385 120.35
a 385 382 120.35
a 382 386 148.05
a 386 382 148.05
a 387 388 58.74
a 388 387 58.74
a 387 389 54.93
a 389 387 54.93
a 390 391 96.14
a 391 390 96.14
a 390 392 96.94
a 392 390 96.94
a 385 393 218.84
a 393 385 218.84
a 385 394 18.27
a 394 385 18.27
a 385 395 12.65
a 395 385 12.65
a 396 392 68.49
a 392 396 68.49
a 396 384 70.16
a 384 396 70.16
a 396 397 62.16
a 397 396 62.16
a 396 398 96.14
a 398 396 96.14
a 399 400 6.23
a 400 399 6.23
a 399 401 6.43
a 401 399 6.43
a 399 402 100.42
a 402 399 100.42
a 403 404 7.06
a 404 403 7.06
a 403 401 8.17
a 401 403 8.17
a 405 406 5.55
a 406 405 5.55
a 405 404 5.27
a 404 405 5.27
a 405 398 83.26
a 398 405 83.26
a 407 397 6.60
a 397 407 6.60
a 407 408 147.99
a 408 407 147.99
a 409 410 18.02
a 410 409 18.02
a 409 411 5.76
a 411 409 5.76
a 409 412 8.88
a 412 409 8.88
a 413 414 88.21
a 414 413 88.21
a 413 415 42.35
a 415 413 42.35
a 413 416 28.14
a 416 413 28.14
a 413 417 11.35
a 417 413 11.35
a 418 419 8.81
a 419 418 8.81
a 418 420 8.80
a 420 418 8.80
a 421 422 5.72
a 422 421 5.72
a 421 423 5.72
a 423 421 5.72
a 424 425 39.83
a 425 424 39.83
a 424 426 6.76
a 426 424 6.76
a 424 427 6.63
a 427 424 6.63
a 428 429 6.36
a 429 428 6.36
a 428 422 6.36
a 422 428 6.36
a 429 420 6.36
a 420 429 6.36
a 430 431 51.52
a 431 430 51.52
a 430 432 106.18
a 432 430 106.18
a 430 433 112.14
a 433 430 112.14
a 434 427 6.63
a 427 434 6.63
a 434 435 6.63
a 435 434 6.63
a 436 437 6.76
a 437 436 6.76
a 436 426 6.75
a 426 436 6.75
a 438 439 64.51
a 439 438 64.51
a 438 440 52.93
a 440 438 52.93
a 439 283 39.24
a 283 439 39.24
a 441 442 15.47
a 442 441 15.47
a 441 443 14.27
a 443 441 14.27
a 441 444 46.10
a 444 441 46.10
a 445 446 17.91
a 446 445 17.91
a 445 447 14.03
a 447 445 14.03
a 448 447 15.34
a 447 448 15.34
a 448 449 21.73
a 449 448 21.73
a 449 450 9.76
a 450 449 9.76
a 449 451 11.22
a 451 449 11.22
a 449 452 23.25
a 452 449 23.25
a 453 454 3.53
a 454 453 3.53
a 453 455 18.25
a 455 453 18.25
a 456 457 34.73
a 457 456 34.73
a 456 458 20.20
a 458 456 20.20
a 459 458 13.34
a 458 459 13.34
a 459 460 29.92
a 460 459 29.92
a 461 460 19.58
a 460 461 19.58
a 461 462 35.90
a 462 461 35.90
a 462 463 47.03
a 463 462 47.03
a 462 464 94.72
a 464 462 94.72
a 465 466 27.17
a 466 465 27.17
a 465 467 37.75
a 467 465 37.75
a 467 468 39.63
a 468 467 39.63
a 469 470 62.06
a 470 469 62.06
a 469 468 45.58
a 468 469 45.58
a 469 471 19.90
a 471 469 19.90
a 469 472 44.24
a 472 469 44.24
a 472 473 56.77
a 473 472 56.77
a 473 474 94.80
a 474 473 94.80
a 474 475 48.93
a 475 474 48.93
a 475 476 24.34
a 476 475 24.34
a 476 477 28.27
a 477 476 28.27
a 478 479 21.79
a 479 478 21.79
a 478 480 18.95
a 480 478 18.95
a 478 481 5.53
a 481 478 5.53
a 478 482 48.69
a 482 478 48.69
a 479 483 22.40
a 483 479 22.40
a 484 480 11.74
a 480 484 11.74
a 484 485 20.41
a 485 484 20.41
a 486 487 22.40
a 487 486 22.40
a 486 488 10.19
a 488 486 10.19
a 489 490 21.41
a 490 489 21.41
a 489 491 29.60
a 491 489 29.60
a 489 492 17.14
a 492 489 17.14
a 493 492 40.22
a 492 493 40.22
a 493 494 28.81
a 494 493 28.81
a 495 496 16.75
a 496 495 16.75
a 495 497 33.67
a 497 495 33.67
a 497 498 23.83
a 498 497 23.83
a 498 499 14.77
a 499 498 14.77
a 498 500 69.08
a 500 498 69.08
a 500 501 28.48
a 501 500 28.48
a 502 501 19.13
a 501 502 19.13
a 502 503 16.55
a 503 502 16.55
a 504 505 24.08
a 505 504 24.08
a 504 506 15.70
a 506 504 15.70
a 504 507 52.17
a 507 504 52.17
a 508 507 40.86
a 507 508 40.86
a 508 509 30.24
a 509 508 30.24
a 510 505 11.49
a 505 510 11.49
a 510 511 12.18
a 511 510 12.18
a 511 512 11.22
a 512 511 11.22
a 512 513 24.15
a 513 512 24.15
a 513 514 59.09
a 514 513 59.09
a 514 515 10.20
a 515 514 10.20
a 516 517 6.64
a 517 516 6.64
a 516 518 5.25
a 518 516 5.25
a 519 520 39.72
a 520 519 39.72
a 519 521 86.10
a 521 519 86.10
a 521 522 132.16
a 522 521 132.16
a 522 523 4.08
a 523 522 4.08
a 522 524 59.43
a 524 522 59.43
a 525 526 45.66
a 526 525 45.66
a 525 527 9.68
a 527 525 9.68
a 528 529 3.89
a 529 528 3.89
a 528 530 12.92
a 530 528 12.92
a 528 531 72.24
a 531 528 72.24
a 532 533 25.99
a 533 532 25.99
a 532 534 51.18
a 534 532 51.18
a 532 535 7.69
a 535 532 7.69
a 532 536 11.35
a 536 532 11.35
a 537 538 7.14
a 538 537 7.14
a 537 539 37.68
a 539 537 37.68
a 537 540 34.07
a 540 537 34.07
a 541 542 14.42
a 542 541 14.42
a 541 543 31.91
a 543 541 31.91
a 541 544 12.16
a 544 541 12.16
a 545 546 52.74
a 546 545 52.74
a 545 547 10.13
a 547 545 10.13
a 545 548 36.20
a 548 545 36.20
a 545 549 62.58
a 549 545 62.58
a 550 551 7.14
a 551 550 7.14
a 550 552 4.25
a 552 550 4.25
a 550 553 5.49
a 553 550 5.49
a 550 554 4.50
a 554 550 4.50
a 555 556 138.21
a 556 555 138.21
a 555 557 42.07
a 557 555 42.07
a 555 558 53.75
a 558 555 53.75
a 559 560 13.63
a 560 559 13.63
a 559 561 8.35
a 561 559 8.35
a 559 562 10.05
a 562 559 10.05
a 559 563 7.61
a 563 559 7.61
a 564 565 8.79
a 565 564 8.79
a 564 566 10.35
a 566 564 10.35
a 564 567 4.89
a 567 564 4.89
a 564 568 42.66
a 568 564 42.66
a 569 570 50.23
a 570 569 50.23
a 569 571 51.58
a 571 569 51.58
a 569 60 96.52
a 60 569 96.52
a 569 572 140.90
a 572 569 140.90
a 573 574 13.46
a 574 573 13.46
a 573 575 10.37
a 575 573 10.37
a 576 577 10.80
a 577 576 10.80
a 576 578 18.61
a 578 576 18.61
a 576 579 25.28
a 579 576 25.28
a 580 581 132.88
a 581 580 132.88
a 580 582 48.63
a 582 580 48.63
a 580 557 7.89
a 557 580 7.89
a 583 584 9.19
a 584 583 9.19
a 583 585 1.83
a 585 583 1.83
a 583 586 4.20
a 586 583 4.20
a 583 587 9.92
a 587 583 9.92
a 558 588 9.18
a 588 558 9.18
a 558 589 32.54
a 589 558 32.54
a 558 590 58.76
a 590 558 58.76
a 591 592 10.55
a 592 591 10.55
a 593 594 14.57
a 594 593 14.57
a 593 595 11.40
a 595 593 11.40
a 596 597 5.21
a 597 596 5.21
a 596 598 29.88
a 598 596 29.88
a 596 599 39.03
a 599 596 39.03
a 600 601 36.27
a 601 600 36.27
a 600 602 20.40
a 602 600 20.40
a 600 603 11.97
a 603 600 11.97
a 604 605 29.12
a 605 604 29.12
a 604 606 40.92
a 606 604 40.92
a 607 608 105.31
a 608 607 105.31
a 607 609 36.67
a 609 607 36.67
a 607 610 51.86
a 610 607 51.86
a 607 611 79.11
a 611 607 79.11
a 612 613 20.41
a 613 612 20.41
a 612 614 45.21
a 614 612 45.21
a 615 616 5.69
a 616 615 5.69
a 615 617 11.32
a 617 615 11.32
a 615 618 8.97
a 618 615 8.97
a 615 619 10.20
a 619 615 10.20
a 620 621 9.63
a 621 620 9.63
a 620 601 20.34
a 601 620 20.34
a 620 622 17.67
a 622 620 17.67
a 623 624 51.27
a 624 623 51.27
a 623 625 6.92
a 625 623 6.92
a 623 626 63.73
a 626 623 63.73
a 627 628 55.40
a 628 627 55.40
a 627 629 51.00
a 629 627 51.00
a 627 630 20.60
a 630 627 20.60
a 631 632 79.62
a 632 631 79.62
a 631 633 27.84
a 633 631 27.84
a 631 629 57.39
a 629 631 57.39
a 634 635 15.41
a 635 634 15.41
a 634 553 41.03
a 553 634 41.03
a 634 636 18.04
a 636 634 18.04
a 602 637 11.92
a 637 602 11.92
a 602 638 41.10
a 638 602 41.10
a 639 640 30.81
a 640 639 30.81
a 639 641 55.63
a 641 639 55.63
a 639 642 30.28
a 642 639 30.28
a 639 643 54.05
a 643 639 54.05
a 644 645 48.30
a 645 644 48.30
a 644 646 67.70
a 646 644 67.70
a 644 647 55.33
a 647 644 55.33
a 648 649 3.93
a 649 648 3.93
a 648 650 6.67
a 650 648 6.67
a 648 651 6.19
a 651 648 6.19
a 648 647 60.05
a 647 648 60.05
a 652 653 16.19
a 653 652 16.19
a 652 654 15.43
a 654 652 15.43
a 655 632 132.01
a 632 655 132.01
a 655 656 102.10
a 656 655 102.10
a 655 657 18.78
a 657 655 18.78
a 655 658 16.19
a 658 655 16.19
a 655 659 46.95
a 659 655 46.95
a 655 660 14.76
a 660 655 14.76
a 661 662 34.05
a 662 661 34.05
a 661 563 40.47
a 563 661 40.47
a 661 663 6.77
a 663 661 6.77
a 664 665 77.80
a 665 664 77.80
a 664 666 51.49
a 666 664 51.49
a 664 667 53.61
a 667 664 53.61
a 664 668 10.21
a 668 664 10.21
a 669 670 4.87
a 670 669 4.87
a 669 671 4.44
a 671 669 4.44
a 672 673 85.76
a 673 672 85.76
a 672 674 11.16
a 674 672 11.16
a 672 675 44.77
a 675 672 44.77
a 676 677 41.89
a 677 676 41.89
a 676 678 32.17
a 678 676 32.17
a 679 680 43.47
a 680 679 43.47
a 679 681 39.91
a 681 679 39.91
a 682 683 8.14
a 683 682 8.14
a 682 684 43.62
a 684 682 43.62
a 682 685 82.60
a 685 682 82.60
a 686 687 12.73
a 687 686 12.73
a 686 688 12.83
a 688 686 12.83
a 686 689 163.28
a 689 686 163.28
a 686 690 7.03
a 690 686 7.03
a 691 692 2.63
a 692 691 2.63
a 691 693 5.94
a 693 691 5.94
a 691 694 9.16
a 694 691 9.16
a 691 695 7.82
a 695 691 7.82
a 696 697 5.03
a 697 696 5.03
a 696 698 7.56
a 698 696 7.56
a 696 699 11.83
a 699 696 11.83
a 696 700 10.48
a 700 696 10.48
a 701 702 21.64
a 702 701 21.64
a 701 703 35.94
a 703 701 35.94
a 701 704 9.07
a 704 701 9.07
a 705 706 19.80
a 706 705 19.80
a 705 621 34.82
a 621 705 34.82
a 707 708 5.87
a 708 707 5.87
a 707 709 4.30
a 709 707 4.30
a 707 710 10.11
a 710 707 10.11
a 711 712 7.76
a 712 711 7.76
a 711 713 24.70
a 713 711 24.70
a 711 714 34.72
a 714 711 34.72
a 715 716 8.39
a 716 715 8.39
a 717 718 8.41
a 718 717 8.41
a 717 719 8.48
a 719 717 8.48
a 720 721 6.69
a 721 720 6.69
a 720 722 6.35
a 722 720 6.35
a 723 724 20.77
a 724 723 20.77
a 723 725 61.04
a 725 723 61.04
a 726 727 142.75
a 727 726 142.75
a 726 728 20.02
a 728 726 20.02
a 729 730 9.47
a 730 729 9.47
a 729 731 7.62
a 731 729 7.62
a 732 733 12.29
a 733 732 12.29
a 732 734 11.19
a 734 732 11.19
a 735 736 84.02
a 736 735 84.02
a 735 737 64.09
a 737 735 64.09
a 735 738 7.09
a 738 735 7.09
a 735 739 62.92
a 739 735 62.92
a 740 741 32.02
a 741 740 32.02
a 740 742 56.68
a 742 740 56.68
a 740 743 87.79
a 743 740 87.79
a 744 745 24.03
a 745 744 24.03
a 744 746 15.99
a 746 744 15.99
a 747 154 47.78
a 154 747 47.78
a 747 748 6.74
a 748 747 6.74
a 747 749 5.15
a 749 747 5.15
a 750 751 42.16
a 751 750 42.16
a 750 752 6.73
a 752 750 6.73
a 750 753 3.19
a 753 750 3.19
a 754 755 111.12
a 755 754 111.12
a 754 756 53.22
a 756 754 53.22
a 754 757 47.90
a 757 754 47.90
a 758 759 8.72
a 759 758 8.72
a 758 760 12.53
a 760 758 12.53
a 758 761 3.83
a 761 758 3.83
a 762 763 3.98
a 763 762 3.98
a 762 764 12.87
a 764 762 12.87
a 762 765 6.77
a 765 762 6.77
a 762 766 7.78
a 766 762 7.78
a 767 768 139.39
a 768 767 139.39
a 767 769 26.69
a 769 767 26.69
a 767 770 33.05
a 770 767 33.05
a 767 771 63.63
a 771 767 63.63
a 772 773 3.35
a 773 772 3.35
a 772 774 4.71
a 774 772 4.71
a 772 775 10.77
a 775 772 10.77
a 772 776 10.31
a 776 772 10.31
a 777 775 39.58
a 775 777 39.58
a 777 778 17.43
a 778 777 17.43
a 777 779 51.10
a 779 777 51.10
a 778 780 9.30
a 780 778 9.30
a 778 781 9.82
a 781 778 9.82
a 782 783 3.55
a 783 782 3.55
a 782 784 10.53
a 784 782 10.53
a 782 785 9.79
a 785 782 9.79
a 782 786 12.15
a 786 782 12.15
a 787 788 5.06
a 788 787 5.06
a 787 789 8.54
a 789 787 8.54
a 787 790 4.83
a 790 787 4.83
a 787 791 6.18
a 791 787 6.18
a 792 793 28.25
a 793 792 28.25
a 792 794 9.65
a 794 792 9.65
a 792 795 93.22
a 795 792 93.22
a 796 797 97.15
a 797 796 97.15
a 796 798 3.59
a 798 796 3.59
a 796 799 31.33
a 799 796 31.33
a 800 801 48.93
a 801 800 48.93
a 800 802 9.22
a 802 800 9.22
a 800 803 3.64
a 803 800 3.64
a 804 805 5.61
a 805 804 5.61
a 804 806 6.56
a 806 804 6.56
a 804 807 7.55
a 807 804 7.55
a 804 808 6.00
a 808 804 6.00
a 809 810 175.32
a 810 809 175.32
a 809 811 66.45
a 811 809 66.45
a 809 812 44.56
a 812 809 44.56
a 813 814 102.48
a 814 813 102.48
a 813 815 51.90
a 815 813 51.90
a 813 816 38.31
a 816 813 38.31
a 813 817 45.71
a 817 813 45.71
a 818 819 33.96
a 819 818 33.96
a 818 820 20.14
a 820 818 20.14
a 818 821 35.59
a 821 818 35.59
a 818 822 7.84
a 822 818 7.84
a 823 824 8.45
a 824 823 8.45
a 825 826 8.32
a 826 825 8.32
a 825 827 9.33
a 827 825 9.33
a 825 828 7.73
a 828 825 7.73
a 825 829 7.70
a 829 825 7.70
a 830 831 11.89
a 831 830 11.89
a 830 832 21.40
a 832 830 21.40
a 830 833 5.29
a 833 830 5.29
a 834 835 62.13
a 835 834 62.13
a 834 836 12.85
a 836 834 12.85
a 834 837 64.70
a 837 834 64.70
a 838 839 10.93
a 839 838 10.93
a 838 840 8.66
a 840 838 8.66
a 838 841 8.10
a 841 838 8.10
a 842 843 17.38
a 843 842 17.38
a 842 844 6.74
a 844 842 6.74
a 845 846 5.40
a 846 845 5.40
a 845 847 6.65
a 847 845 6.65
a 845 848 7.08
a 848 845 7.08
a 845 849 9.09
a 849 845 9.09
a 850 851 18.04
a 851 850 18.04
a 850 852 9.90
a 852 850 9.90
a 853 854 12.02
a 854 853 12.02
a 853 855 11.02
a 855 853 11.02
a 853 856 7.70
a 856 853 7.70
a 853 857 8.52
a 857 853 8.52
a 858 859 40.72
a 859 858 40.72
a 858 860 18.48
a 860 858 18.48
a 858 861 70.39
a 861 858 70.39
a 862 863 11.07
a 863 862 11.07
a 862 864 46.42
a 864 862 46.42
a 862 865 5.51
a 865 862 5.51
a 866 867 2.14
a 867 866 2.14
a 866 868 6.41
a 868 866 6.41
a 866 869 6.72
a 869 866 6.72
a 870 871 13.81
a 871 870 13.81
a 870 872 19.75
a 872 870 19.75
a 870 873 14.54
a 873 870 14.54
a 870 874 31.54
a 874 870 31.54
a 870 875 45.46
a 875 870 45.46
a 876 872 3.24
a 872 876 3.24
a 876 877 20.74
a 877 876 20.74
a 878 879 83.47
a 879 878 83.47
a 878 877 26.61
a 877 878 26.61
a 878 880 17.46
a 880 878 17.46
a 878 881 144.93
a 881 878 144.93
a 882 588 41.41
a 588 882 41.41
a 882 883 50.79
a 883 882 50.79
a 882 884 155.21
a 884 882 155.21
a 885 886 126.39
a 886 885 126.39
a 885 590 88.64
a 590 885 88.64
a 885 556 50.05
a 556 885 50.05
a 885 884 52.55
a 884 885 52.55
a 887 888 8.47
a 888 887 8.47
a 887 889 167.70
a 889 887 167.70
a 887 890 70.52
a 890 887 70.52
a 887 891 52.84
a 891 887 52.84
a 892 893 124.11
a 893 892 124.11
a 892 894 208.61
a 894 892 208.61
a 892 895 48.98
a 895 892 48.98
a 892 896 47.47
a 896 892 47.47
a 632 656 107.37
a 656 632 107.37
a 632 897 59.93
a 897 632 59.93
a 632 898 19.32
a 898 632 19.32
a 628 897 51.28
a 897 628 51.28
a 628 635 77.85
a 635 628 77.85
a 899 900 66.08
a 900 899 66.08
a 899 901 9.85
a 901 899 9.85
a 899 902 14.68
a 902 899 14.68
a 899 903 11.16
a 903 899 11.16
a 904 905 34.63
a 905 904 34.63
a 904 906 12.68
a 906 904 12.68
a 904 907 15.62
a 907 904 15.62
a 904 908 31.59
a 908 904 31.59
a 909 910 4.27
a 910 909 4.27
a 909 911 2.04
a 911 909 2.04
a 909 912 2.76
a 912 909 2.76
a 913 914 9.07
a 914 913 9.07
a 913 915 11.96
a 915 913 11.96
a 916 917 38.60
a 917 916 38.60
a 916 918 20.99
a 918 916 20.99
a 916 919 48.13
a 919 916 48.13
a 916 920 212.13
a 920 916 212.13
a 921 922 11.70
a 922 921 11.70
a 921 923 11.71
a 923 921 11.71
a 921 924 9.28
a 924 921 9.28
a 921 925 11.17
a 925 921 11.17
a 926 927 3.30
a 927 926 3.30
a 379 928 13.93
a 928 379 13.93
a 379 929 78.44
a 929 379 78.44
a 379 930 112.28
a 930 379 112.28
a 931 932 8.86
a 932 931 8.86
a 931 933 35.08
a 933 931 35.08
a 931 930 52.01
a 930 931 52.01
a 934 935 20.20
a 935 934 20.20
a 935 936 32.86
a 936 935 32.86
a 936 937 14.08
a 937 936 14.08
a 928 378 18.09
a 378 928 18.09
a 928 938 18.05
a 938 928 18.05
a 928 939 97.50
a 939 928 97.50
a 940 941 12.56
a 941 940 12.56
a 942 943 10.14
a 943 942 10.14
a 944 945 7.35
a 945 944 7.35
a 946 947 51.55
a 947 946 51.55
a 946 948 37.74
a 948 946 37.74
a 946 949 96.54
a 949 946 96.54
a 946 950 119.25
a 950 946 119.25
a 949 951 4.04
a 951 949 4.04
a 949 952 4.25
a 952 949 4.25
a 949 953 17.60
a 953 949 17.60
a 953 954 150.88
a 954 953 150.88
a 953 955 17.53
a 955 953 17.53
a 953 956 50.82
a 956 953 50.82
a 954 957 92.85
a 957 954 92.85
a 954 958 49.84
a 958 954 49.84
a 954 959 50.60
a 959 954 50.60
a 960 961 89.67
a 961 960 89.67
a 960 962 4.79
a 962 960 4.79
a 960 963 9.90
a 963 960 9.90
a 961 964 15.67
a 964 961 15.67
a 961 965 40.94
a 965 961 40.94
a 961 956 32.79
a 956 961 32.79
a 956 959 154.17
a 959 956 154.17
a 956 966 5.28
a 966 956 5.28
a 959 967 15.34
a 967 959 15.34
a 959 968 50.90
a 968 959 50.90
a 969 970 3.15
a 970 969 3.15
a 969 971 25.28
a 971 969 25.28
a 969 972 83.06
a 972 969 83.06
a 969 973 49.17
a 973 969 49.17
a 974 968 157.31
a 968 974 157.31
a 974 975 53.13
a 975 974 53.13
a 974 966 45.81
a 966 974 45.81
a 968 976 22.09
a 976 968 22.09
a 977 978 55.37
a 978 977 55.37
a 977 979 34.39
a 979 977 34.39
a 947 980 50.21
a 980 947 50.21
a 947 979 133.18
a 979 947 133.18
a 947 981 21.69
a 981 947 21.69
a 982 958 147.24
a 958 982 147.24
a 982 983 7.04
a 983 982 7.04
a 982 984 7.51
a 984 982 7.51
a 982 981 88.23
a 981 982 88.23
a 958 985 13.98
a 985 958 13.98
a 958 986 50.98
a 986 958 50.98
a 980 987 51.15
a 987 980 51.15
a 980 988 107.28
a 988 980 107.28
a 980 989 113.82
a 989 980 113.82
a 988 983 43.56
a 983 988 43.56
a 988 990 2.61
a 990 988 2.61
a 991 986 124.85
a 986 991 124.85
a 991 992 26.10
a 992 991 26.10
a 991 993 2.74
a 993 991 2.74
a 986 994 14.21
a 994 986 14.21
a 986 995 49.34
a 995 986 49.34
a 996 997 29.97
a 997 996 29.97
a 996 994 133.48
a 994 996 133.48
a 996 998 49.87
a 998 996 49.87
a 996 999 51.03
a 999 996 51.03
a 1000 987 109.90
a 987 1000 109.90
a 1000 1001 38.13
a 1001 1000 38.13
a 1000 1002 49.66
a 1002 1000 49.66
a 987 1003 104.15
a 1003 987 104.15
a 987 1004 49.87
a 1004 987 49.87
a 1003 1005 30.80
a 1005 1003 30.80
a 1003 990 47.44
a 990 1003 47.44
a 1003 1006 50.29
a 1006 1003 50.29
a 1005 995 112.45
a 995 1005 112.45
a 1005 1007 39.85
a 1007 1005 39.85
a 1005 1008 50.83
a 1008 1005 50.83
a 995 1009 13.16
a 1009 995 13.16
a 995 1010 42.10
a 1010 995 42.10
a 999 1011 53.67
a 1011 999 53.67
a 999 1012 49.49
a 1012 999 49.49
a 999 1013 32.95
a 1013 999 32.95
a 1014 1015 14.97
a 1015 1014 14.97
a 1014 1016 78.18
a 1016 1014 78.18
a 1017 1018 8.30
a 1018 1017 8.30
a 1017 1019 9.48
a 1019 1017 9.48
a 1020 1021 10.21
a 1021 1020 10.21
a 1020 1022 19.00
a 1022 1020 19.00
a 1022 1023 29.40
a 1023 1022 29.40
a 1023 1024 14.91
a 1024 1023 14.91
a 1023 1025 10.78
a 1025 1023 10.78
a 1026 1025 4.82
a 1025 1026 4.82
a 1026 1027 4.65
a 1027 1026 4.65
a 1028 1027 4.42
a 1027 1028 4.42
a 1028 1029 4.59
a 1029 1028 4.59
a 1024 1030 7.17
a 1030 1024 7.17
a 1031 1030 6.02
a 1030 1031 6.02
a 1031 1032 7.26
a 1032 1031 7.26
a 1033 1034 146.46
a 1034 1033 146.46
a 1033 1035 175.27
a 1035 1033 175.27
a 1036 1037 13.03
a 1037 1036 13.03
a 1036 1038 20.70
a 1038 1036 20.70
a 1036 1039 67.17
a 1039 1036 67.17
a 1040 1041 89.36
a 1041 1040 89.36
a 1040 1042 34.32
a 1042 1040 34.32
a 1043 1044 9.17
a 1044 1043 9.17
a 1043 1045 70.56
a 1045 1043 70.56
a 1046 1047 9.18
a 1047 1046 9.18
a 1046 1048 9.17
a 1048 1046 9.17
a 1049 1050 9.16
a 1050 1049 9.16
a 1049 1051 9.17
a 1051 1049 9.17
a 1051 1052 17.52
a 1052 1051 17.52
a 1051 1053 18.65
a 1053 1051 18.65
a 1054 1055 14.03
a 1055 1054 14.03
a 1054 1056 16.64
a 1056 1054 16.64
a 1056 1057 13.73
a 1057 1056 13.73
a 1057 1058 14.75
a 1058 1057 14.75
a 1059 1058 16.02
a 1058 1059 16.02
a 1059 1060 23.91
a 1060 1059 23.91
a 1061 1062 25.07
a 1062 1061 25.07
a 1061 1063 96.87
a 1063 1061 96.87
a 1064 1065 23.40
a 1065 1064 23.40
a 1064 1066 24.28
a 1066 1064 24.28
a 1064 1067 0.50
a 1067 1064 0.50
a 1068 1069 0.49
a 1069 1068 0.49
a 1068 1070 23.97
a 1070 1068 23.97
a 1068 1071 13.41
a 1071 1068 13.41
a 1072 1073 70.28
a 1073 1072 70.28
a 1072 1074 27.85
a 1074 1072 27.85
a 1072 1075 8.41
a 1075 1072 8.41
a 1072 1076 7.31
a 1076 1072 7.31
a 1077 1078 19.14
a 1078 1077 19.14
a 1077 1079 14.77
a 1079 1077 14.77
a 1077 1080 21.90
a 1080 1077 21.90
a 1077 1081 7.68
a 1081 1077 7.68
a 1082 1083 36.01
a 1083 1082 36.01
a 1082 1084 17.60
a 1084 1082 17.60
a 1082 1085 7.60
a 1085 1082 7.60
a 1073 1086 36.42
a 1086 1073 36.42
a 1073 1087 13.84
a 1087 1073 13.84
a 1088 1074 37.74
a 1074 1088 37.74
a 1088 1089 66.43
a 1089 1088 66.43
a 1088 1090 7.82
a 1090 1088 7.82
a 1089 1091 12.84
a 1091 1089 12.84
a 1089 1092 7.39
a 1092 1089 7.39
a 1093 1094 30.72
a 1094 1093 30.72
a 1093 1095 25.86
a 1095 1093 25.86
a 1093 1096 63.98
a 1096 1093 63.98
a 1097 1095 30.69
a 1095 1097 30.69
a 1097 1098 17.80
a 1098 1097 17.80
a 1099 1098 18.66
a 1098 1099 18.66
a 1099 1100 20.58
a 1100 1099 20.58
a 1099 1101 7.83
a 1101 1099 7.83
a 1099 1102 9.01
a 1102 1099 9.01
a 1103 1100 19.27
a 1100 1103 19.27
a 1103 1104 33.95
a 1104 1103 33.95
a 1104 1105 37.85
a 1105 1104 37.85
a 1105 1106 29.84
a 1106 1105 29.84
a 1107 1106 41.13
a 1106 1107 41.13
a 1107 1108 37.27
a 1108 1107 37.27
a 1109 1108 35.04
a 1108 1109 35.04
a 1109 1110 32.42
a 1110 1109 32.42
a 1109 1111 10.06
a 1111 1109 10.06
a 1110 1112 26.29
a 1112 1110 26.29
a 1113 1114 27.95
a 1114 1113 27.95
a 1113 1115 58.12
a 1115 1113 58.12
a 1113 1116 87.35
a 1116 1113 87.35
a 1117 1118 9.44
a 1118 1117 9.44
a 1117 1119 36.90
a 1119 1117 36.90
a 1117 1120 22.21
a 1120 1117 22.21
a 1117 1121 6.60
a 1121 1117 6.60
a 1122 1123 6.29
a 1123 1122 6.29
a 1122 1124 7.45
a 1124 1122 7.45
a 1122 1125 9.18
a 1125 1122 9.18
a 1126 1127 64.34
a 1127 1126 64.34
a 1126 1128 73.94
a 1128 1126 73.94
a 1126 1129 41.64
a 1129 1126 41.64
a 1130 1131 5.31
a 1131 1130 5.31
a 1130 1132 6.31
a 1132 1130 6.31
a 1133 1134 7.12
a 1134 1133 7.12
a 1133 1135 70.92
a 1135 1133 70.92
a 1133 1136 70.15
a 1136 1133 70.15
a 1136 1137 6.19
a 1137 1136 6.19
a 1136 1138 67.14
a 1138 1136 67.14
a 1138 1139 7.44
a 1139 1138 7.44
a 1138 1140 62.06
a 1140 1138 62.06
a 1140 1141 8.11
a 1141 1140 8.11
a 1140 1142 41.73
a 1142 1140 41.73
a 1143 1144 210.64
a 1144 1143 210.64
a 1143 1142 18.41
a 1142 1143 18.41
a 1143 1145 10.99
a 1145 1143 10.99
a 1146 1075 311.45
a 1075 1146 311.45
a 1146 1145 49.35
a 1145 1146 49.35
a 1146 1147 62.51
a 1147 1146 62.51
a 1147 1148 6.80
a 1148 1147 6.80
a 1147 1149 51.27
a 1149 1147 51.27
a 1150 1151 31.87
a 1151 1150 31.87
a 1150 1152 31.78
a 1152 1150 31.78
a 1152 1153 47.27
a 1153 1152 47.27
a 1154 1155 5.14
a 1155 1154 5.14
a 1154 1153 40.18
a 1153 1154 40.18
a 1154 1156 34.14
a 1156 1154 34.14
a 1157 1158 33.37
a 1158 1157 33.37
a 1157 1159 31.63
a 1159 1157 31.63
a 1157 1160 19.39
a 1160 1157 19.39
a 1161 1162 7.74
a 1162 1161 7.74
a 1161 1163 7.74
a 1163 1161 7.74
a 1164 1165 7.34
a 1165 1164 7.34
a 1164 1166 7.35
a 1166 1164 7.35
a 1167 1168 18.21
a 1168 1167 18.21
a 1167 1169 4.54
a 1169 1167 4.54
a 1169 1170 9.47
a 1170 1169 9.47
a 1171 1172 33.59
a 1172 1171 33.59
a 1171 1173 65.69
a 1173 1171 65.69
a 1172 1174 88.76
a 1174 1172 88.76
a 1174 386 49.87
a 386 1174 49.87
a 1175 1176 39.94
a 1176 1175 39.94
a 1175 1177 73.20
a 1177 1175 73.20
a 1175 1178 346.48
a 1178 1175 346.48
a 1179 1177 84.05
a 1177 1179 84.05
a 1179 1180 95.24
a 1180 1179 95.24
a 1179 1181 91.96
a 1181 1179 91.96
a 1179 1182 358.64
a 1182 1179 358.64
a 1180 1183 92.78
a 1183 1180 92.78
a 1180 1184 192.38
a 1184 1180 192.38
a 1183 1185 40.43
a 1185 1183 40.43
a 1183 1186 88.66
a 1186 1183 88.66
a 1187 1188 65.37
a 1188 1187 65.37
a 1187 1189 32.94
a 1189 1187 32.94
a 1187 1190 11.59
a 1190 1187 11.59
a 1189 391 21.98
a 391 1189 21.98
a 1191 1192 76.85
a 1192 1191 76.85
a 1191 1193 85.60
a 1193 1191 85.60
a 1191 1181 219.99
a 1181 1191 219.99
a 1194 1193 338.95
a 1193 1194 338.95
a 1194 1195 77.87
a 1195 1194 77.87
a 1194 1178 76.91
a 1178 1194 76.91
a 1196 1197 110.32
a 1197 1196 110.32
a 1196 1198 21.11
a 1198 1196 21.11
a 1196 1199 11.78
a 1199 1196 11.78
a 1196 1200 4.50
a 1200 1196 4.50
a 1201 1182 17.02
a 1182 1201 17.02
a 1201 1202 37.69
a 1202 1201 37.69
a 1201 1203 83.69
a 1203 1201 83.69
a 1201 1204 93.91
a 1204 1201 93.91
a 1204 1205 201.58
a 1205 1204 201.58
a 1204 1184 183.78
a 1184 1204 183.78
a 1204 1206 94.85
a 1206 1204 94.85
a 1206 1207 376.54
a 1207 1206 376.54
a 1206 1208 97.07
a 1208 1206 97.07
a 1206 1209 91.99
a 1209 1206 91.99
a 1210 1211 100.27
a 1211 1210 100.27
a 1210 1212 107.86
a 1212 1210 107.86
a 1210 1213 48.38
a 1213 1210 48.38
a 1214 1213 20.22
a 1213 1214 20.22
a 1214 1215 26.09
a 1215 1214 26.09
a 408 1215 45.03
a 1215 408 45.03
a 408 1216 147.73
a 1216 408 147.73
a 408 1217 70.27
a 1217 408 70.27
a 1216 383 156.53
a 383 1216 156.53
a 1216 388 91.00
a 388 1216 91.00
a 1218 1217 66.25
a 1217 1218 66.25
a 1218 1219 60.51
a 1219 1218 60.51
a 1219 1220 90.77
a 1220 1219 90.77
a 1221 1222 27.21
a 1222 1221 27.21
a 1221 1223 25.12
a 1223 1221 25.12
a 1221 1224 58.58
a 1224 1221 58.58
a 1225 1226 75.36
a 1226 1225 75.36
a 1225 1224 29.05
a 1224 1225 29.05
a 1225 1227 79.70
a 1227 1225 79.70
a 1227 1228 146.86
a 1228 1227 146.86
a 1227 1229 75.63
a 1229 1227 75.63
a 1229 1230 52.51
a 1230 1229 52.51
a 1229 1231 72.27
a 1231 1229 72.27
a 1231 1232 21.39
a 1232 1231 21.39
a 1231 1233 48.26
a 1233 1231 48.26
a 1231 1234 24.41
a 1234 1231 24.41
a 1226 1235 15.90
a 1235 1226 15.90
a 1235 1236 14.07
a 1236 1235 14.07
a 1237 1236 16.53
a 1236 1237 16.53
a 1237 1238 11.96
a 1238 1237 11.96
a 1238 1239 13.08
a 1239 1238 13.08
a 1240 1239 10.01
a 1239 1240 10.01
a 1240 1241 20.83
a 1241 1240 20.83
a 1228 1241 16.48
a 1241 1228 16.48
a 1228 1242 18.03
a 1242 1228 18.03
a 1242 1243 15.66
a 1243 1242 15.66
a 1244 1243 15.08
a 1243 1244 15.08
a 1244 1245 12.22
a 1245 1244 12.22
a 1246 1245 17.86
a 1245 1246 17.86
a 1246 1247 19.14
a 1247 1246 19.14
a 1247 1248 24.29
a 1248 1247 24.29
a 1230 1248 18.05
a 1248 1230 18.05
a 1249 1250 22.94
a 1250 1249 22.94
a 1249 1251 36.84
a 1251 1249 36.84
a 1249 1252 10.84
a 1252 1249 10.84
a 1253 1251 27.12
a 1251 1253 27.12
a 1253 1254 132.39
a 1254 1253 132.39
a 1253 1255 108.69
a 1255 1253 108.69
a 1256 1254 40.68
a 1254 1256 40.68
a 1256 1257 25.47
a 1257 1256 25.47
a 1257 1258 19.67
a 1258 1257 19.67
a 1259 1258 15.20
a 1258 1259 15.20
a 1259 1260 13.71
a 1260 1259 13.71
a 1261 1260 15.10
a 1260 1261 15.10
a 1261 1262 20.96
a 1262 1261 20.96
a 1262 1263 36.53
a 1263 1262 36.53
a 1263 1232 22.71
a 1232 1263 22.71
a 1264 1265 47.33
a 1265 1264 47.33
a 1264 1266 39.78
a 1266 1264 39.78
a 1264 1267 21.30
a 1267 1264 21.30
a 1268 1269 48.26
a 1269 1268 48.26
a 1268 1265 55.81
a 1265 1268 55.81
a 1268 1270 52.48
a 1270 1268 52.48
a 1271 1272 148.34
a 1272 1271 148.34
a 1271 1273 30.02
a 1273 1271 30.02
a 1271 1274 29.57
a 1274 1271 29.57
a 1275 1276 20.80
a 1276 1275 20.80
a 1275 1277 17.79
a 1277 1275 17.79
a 1278 1277 13.58
a 1277 1278 13.58
a 1278 1279 20.21
a 1279 1278 20.21
a 1278 1280 29.52
a 1280 1278 29.52
a 1281 483 19.32
a 483 1281 19.32
a 1281 1279 20.45
a 1279 1281 20.45
a 1282 1283 100.86
a 1283 1282 100.86
a 1282 1284 57.02
a 1284 1282 57.02
a 1284 1285 40.00
a 1285 1284 40.00
a 1286 1285 58.18
a 1285 1286 58.18
a 1286 1287 37.98
a 1287 1286 37.98
a 1286 1288 55.15
a 1288 1286 55.15
a 1289 1290 141.47
a 1290 1289 141.47
a 1289 1291 86.12
a 1291 1289 86.12
a 1291 1292 55.81
a 1292 1291 55.81
a 1291 1293 64.03
a 1293 1291 64.03
a 1291 1294 132.57
a 1294 1291 132.57
a 1295 1293 48.22
a 1293 1295 48.22
a 1295 1296 122.20
a 1296 1295 122.20
a 1296 1297 227.05
a 1297 1296 227.05
a 1297 395 40.89
a 395 1297 40.89
a 1298 1299 36.90
a 1299 1298 36.90
a 1298 1300 48.01
a 1300 1298 48.01
a 1300 1301 119.58
a 1301 1300 119.58
a 1300 1302 98.27
a 1302 1300 98.27
a 1300 1292 60.08
a 1292 1300 60.08
a 1302 1303 106.63
a 1303 1302 106.63
a 1303 1304 44.66
a 1304 1303 44.66
a 1304 1305 32.62
a 1305 1304 32.62
a 1306 1305 29.07
a 1305 1306 29.07
a 1306 1307 84.09
a 1307 1306 84.09
a 1307 1308 68.00
a 1308 1307 68.00
a 1308 1309 73.35
a 1309 1308 73.35
a 1310 1311 67.99
a 1311 1310 67.99
a 1310 1312 21.34
a 1312 1310 21.34
a 1310 1313 28.97
a 1313 1310 28.97
a 1310 1314 63.16
a 1314 1310 63.16
a 1315 470 61.04
a 470 1315 61.04
a 1315 1316 70.90
a 1316 1315 70.90
a 1315 1317 46.84
a 1317 1315 46.84
a 1315 1318 57.51
a 1318 1315 57.51
a 1316 1319 28.93
a 1319 1316 28.93
a 1320 1319 33.38
a 1319 1320 33.38
a 1320 1321 17.03
a 1321 1320 17.03
a 1322 1321 14.80
a 1321 1322 14.80
a 1322 1323 16.31
a 1323 1322 16.31
a 1324 1323 18.87
a 1323 1324 18.87
a 1324 1325 13.35
a 1325 1324 13.35
a 1326 1325 12.10
a 1325 1326 12.10
a 1326 499 12.86
a 499 1326 12.86
a 1327 1328 24.68
a 1328 1327 24.68
a 1327 1329 44.40
a 1329 1327 44.40
a 1327 1330 65.59
a 1330 1327 65.59
a 1330 1331 28.15
a 1331 1330 28.15
a 1332 1333 23.80
a 1333 1332 23.80
a 1332 1334 19.58
a 1334 1332 19.58
a 1335 1336 8.49
a 1336 1335 8.49
a 1335 1337 12.37
a 1337 1335 12.37
a 1338 1337 15.72
a 1337 1338 15.72
a 1338 1339 23.01
a 1339 1338 23.01
a 1339 1340 25.83
a 1340 1339 25.83
a 1340 1341 15.51
a 1341 1340 15.51
a 1342 1343 18.40
a 1343 1342 18.40
a 1342 1344 22.74
a 1344 1342 22.74
a 1345 1344 25.45
a 1344 1345 25.45
a 1345 1346 28.19
a 1346 1345 28.19
a 1347 1348 9.54
a 1348 1347 9.54
a 1347 1349 1.59
a 1349 1347 1.59
a 1350 1346 22.02
a 1346 1350 22.02
a 1350 1351 23.65
a 1351 1350 23.65
a 1350 1352 117.75
a 1352 1350 117.75
a 1353 1354 19.07
a 1354 1353 19.07
a 1353 1355 19.42
a 1355 1353 19.42
a 1355 1356 21.29
a 1356 1355 21.29
a 1357 1358 54.57
a 1358 1357 54.57
a 1357 1359 93.94
a 1359 1357 93.94
a 1360 1361 22.48
a 1361 1360 22.48
a 1360 1362 12.36
a 1362 1360 12.36
a 1363 1364 8.10
a 1364 1363 8.10
a 1363 1365 9.09
a 1365 1363 9.09
a 1366 1365 10.07
a 1365 1366 10.07
a 1366 1367 9.80
a 1367 1366 9.80
a 1368 1367 11.00
a 1367 1368 11.00
a 1368 1369 5.61
a 1369 1368 5.61
a 1370 1369 24.26
a 1369 1370 24.26
a 1370 1371 122.43
a 1371 1370 122.43
a 1371 1372 12.25
a 1372 1371 12.25
a 1373 1372 11.73
a 1372 1373 11.73
a 1373 1374 10.24
a 1374 1373 10.24
a 1375 1376 9.01
a 1376 1375 9.01
a 1375 1377 9.35
a 1377 1375 9.35
a 1378 1379 9.13
a 1379 1378 9.13
a 1380 1379 9.67
a 1379 1380 9.67
a 1380 1381 7.86
a 1381 1380 7.86
a 1382 1381 8.37
a 1381 1382 8.37
